data = [
0.92817906 0.716335441 0.495065682 -0.079838624 1.420245484 0.744937971 1.005070242 2.769380863 2.294447058 -0.434794337 -0.010205484 -3.861342143 0.794662828 5.580687652 -0.069710742 2.959625988
0.80921699 0.711240552 0.495065682 0.073453879 -0.414585472 0.614812054 1.332831638 1.222938553 2.25109112 1.832241327 -0.144428086 -2.473390513 0.6714258 2.980979218 0.098022919 2.907114725
0.772012302 0.846864624 0.495065682 0.018089051 -0.186016934 0.692186394 1.534779221 2.25883136 2.028220968 0.721038772 0.145129297 6.983110845 0.884739617 3.714485486 -0.347305788 2.984153047
0.75216414 0.700282974 0.495065682 0.073386693 1.641236303 -0.127337363 0.682916563 0.767185013 0.938544169 0.31389319 0.160988092 0.271603151 -0.206903527 -5.241571468 -0.10842548 2.839248722
0.737275433 0.695413095 0.495065682 0.078644764 0.307322486 0.277375449 1.272071249 1.721498127 2.629514176 0.72309575 0.378864591 -2.210155156 1.63223958 4.179371535 0.320603875 2.737521816
0.762088713 0.483927664 0.495065682 -0.055257427 -1.084573156 0.134994712 1.199599911 0.406169507 0.347871172 -0.356212476 0.288869263 0.577564569 0.69896586 3.071598663 -0.510165751 2.6890598
0.744720064 0.892556561 0.495065682 0.305658092 -0.103525694 1.031948949 1.129327427 3.530104744 2.992944015 3.177911418 0.455905357 2.972122369 1.366396852 3.547711856 0.248823431 2.637926955
0.759607662 0.545331958 0.495065682 0.273027599 1.382449657 0.697115142 1.226544041 1.057419021 2.091159527 0.827301965 0.555281945 -1.216208809 0.110468295 -6.15292267 0.276418575 2.60724031
0.886062843 0.542374211 0.495065682 0.211137582 0.555965343 1.052764458 1.038252003 1.462894819 3.399089192 2.673236311 0.580707364 1.193573454 2.102403322 4.749378735 -0.426554213 2.708472286
1.059368821 0.942133483 0.495065682 0.213849744 0.419903504 0.260165308 1.152549328 1.586182412 4.036076521 3.875863448 0.556687048 -2.21828924 1.064975044 2.3508815 0.696961467 2.72181316
1.182975175 0.534403409 0.495065682 0.095715427 0.053440802 0.833269474 1.238255016 3.617108403 2.807282914 2.225229989 0.489344974 2.37487131 1.660755061 2.991316064 -0.382599362 2.728067755
1.373030645 0.730172511 0.495065682 0.43639332 1.847995295 0.086237038 0.469493593 3.797349479 2.964290272 3.108438682 0.368791161 1.199747783 1.238684708 -8.009765936 1.159040075 2.871219796
1.501175762 0.790517951 0.495065682 0.326049761 0.946925142 0.014187242 1.169412719 0.995260975 2.698933728 2.378087942 0.040791456 -2.87894428 0.893593578 3.26258401 1.843936514 2.814757066
1.45190861 0.458265941 0.495065682 0.275060343 -0.240226443 0.525213916 0.988085023 0.58860811 -1.088334214 3.334826776 0.178190573 4.336903786 1.119468218 2.993060509 -2.441266667 2.72212737
1.42973047 0.521173818 0.495065682 -0.222907471 0.360492197 0.370080596 0.827068747 1.390775998 0.049658739 0.777751805 0.071833367 2.227695028 0.72425854 3.328900049 -0.358837984 2.673662085
1.380428098 1.034269077 0.495065682 -0.318556427 1.017888652 0.49741788 1.22307337 1.935650587 3.021836686 1.111464716 0.318408449 1.111298943 1.208337984 -6.608575724 0.328770389 2.600353707
1.296558239 0.768741774 0.495065682 -0.389913078 1.009045383 1.369938151 1.452592175 1.954225121 2.333172141 1.722548737 0.366659858 1.359000635 1.765806956 4.140730804 0.145113107 2.574022518
1.340968691 0.636134461 0.495065682 0.018901805 0.154410376 0.567803238 0.703995422 2.791634224 1.148702509 -1.125229292 0.207710326 0.041523929 1.345177857 2.843340548 -1.036885668 2.563372226
1.301493708 0.883844137 0.495065682 -0.207064437 -0.04940421 0.714058909 1.153835083 1.980435739 1.345766151 4.482205344 0.288724296 1.289009856 1.347106812 4.206738092 0.037913394 2.481681583
1.303961351 0.439009799 0.495065682 -0.131608751 0.304411949 0.378886457 1.225188687 1.899162329 3.481246129 1.668385275 0.432086173 3.799833963 1.633075844 -6.934125738 -0.040971735 2.473381513
1.368098706 0.25000013 0.495065682 -0.063233777 -0.330770845 1.362414767 0.414015706 1.705139094 1.103363836 3.784886021 0.388846419 -0.583668868 1.199267799 4.44889074 -0.342723025 2.372513398
1.370564706 0.622279544 0.495065682 -0.076988387 -0.081222798 0.911879719 1.621931788 3.898056395 1.540578483 1.136177546 0.29293237 3.240888812 1.788680813 2.750298301 -0.220631417 2.251389038
1.365632645 0.371517455 0.495065682 -0.402780892 -0.676736052 0.542898776 1.189735627 -0.078386385 1.133981235 -0.854456294 0.465499021 5.675811601 2.081065915 4.046794487 -0.142197677 2.306092101
1.380428098 0.123533061 0.495065682 -0.582187604 -0.409130394 0.738143235 0.757814603 2.355429025 1.263020094 -0.666981833 0.2361521 1.46842871 1.825447327 -7.077053261 0.498966582 2.359289074
1.353301428 0.492611834 0.495065682 -0.499894226 0.377819165 0.648054171 1.651871108 2.55046049 0.517550268 -1.992093755 0.453243909 2.986611445 1.256052927 3.374632675 -0.515810681 2.182886604
1.375496523 0.429053677 0.495065682 -0.408818592 -0.39780917 0.932981718 1.291709937 0.848065224 -0.12378922 -1.56851523 0.223688559 0.976038843 1.471062869 2.674793191 0.023691039 2.511244094
1.259534457 0.548949228 0.495065682 -0.231437978 -0.440794142 1.301138945 1.394431376 2.341327125 2.560659366 3.138571101 0.360988936 -3.596660145 1.632117331 3.918209474 0.488836237 2.786351418
1.150852218 0.243013485 0.495065682 -0.139120329 0.777992978 0.68891682 0.971796384 1.799189154 1.565594943 -1.413707976 0.240944126 2.681361466 1.491759842 -6.451871154 -0.531615599 2.417436084
1.178033854 0.725517088 0.495065682 -0.253934773 1.320469518 0.492949787 1.718520783 2.092454698 3.789862914 0.969634702 0.395118239 -0.173641301 0.779727395 3.783339116 -0.194452043 1.925310434
1.239782834 1.078500568 0.495065682 -0.441324688 1.315946674 0.983591472 1.333036144 2.06410344 4.968779368 3.209524417 0.20931486 -1.558837065 1.094869625 2.68081369 0.232937676 1.920980344
1.291622527 0.594178813 0.495065682 0.165047 0.174119402 1.385130161 1.743377199 0.30774246 3.863122714 2.745160808 0.471225002 -0.035310735 2.089388557 4.167359078 -0.048453962 1.782979023
1.353301428 1.294897434 0.495065682 0.280605381 2.283158043 0.107679558 2.103018664 3.62721371 5.39932987 2.092162089 0.373872779 1.123804628 3.129872429 -5.30436521 -0.163986306 1.644325499
1.493787236 0.699303549 0.495065682 0.212907455 1.113244141 1.566777952 1.162248116 3.04032322 2.56068314 2.974557793 0.108659478 1.868243233 0.768023588 4.211326463 -0.181655579 1.620254095
1.621777802 0.809721023 0.495065682 0.305060683 0.212077624 -0.138148501 1.323567162 1.115108912 3.424678986 2.509888613 -0.0560672 1.909669746 1.191753592 2.346738409 0.460850286 1.639592714
1.614398182 0.574384118 0.495065682 -0.018298951 -0.738192131 0.35642732 1.144726336 0.09241256 0.25855209 -0.943448278 0.005570857 1.518467354 0.203677149 2.725706083 0.00041254 1.794071269
1.48393502 0.85543721 0.495065682 -0.409911796 0.609593698 -0.514936899 0.846909879 -1.538993012 -2.058023747 -1.838839722 -0.199971426 2.105685928 1.373538003 -5.331660937 -0.511106453 1.673130705
1.192857087 0.904471966 0.495065682 -0.034595717 1.101719867 0.347707291 0.470086346 -2.361092737 -5.574668397 -3.995395364 -0.573921526 1.192792994 -0.726237035 2.836835556 0.383986739 1.415746672
0.938086181 0.224845514 0.495065682 -0.24684153 -0.307192226 -0.677462655 0.140085153 -1.697253052 -4.219909005 -6.248725222 -0.656104438 -0.86901094 -0.852541102 1.730764962 -0.487427987 1.203422626
0.620570472 -0.393812042 0.495065682 -0.141016208 -3.435029803 0.017758503 1.290820746 -3.310568424 -4.015066593 -4.577764602 -0.85853384 1.212914986 -0.388797358 2.74543661 -0.092271589 1.02085519
0.431567407 0.618153134 0.495065682 -0.076014251 1.368505962 0.653004822 0.272873657 -2.720925996 2.483772555 1.36979911 -0.420207268 1.158927085 -0.230412887 -5.150061314 0.089453126 0.912289116
0.436545751 0.614355465 0.495065682 -0.093468108 0.740420665 0.381454437 1.047848274 -1.449723436 5.273278642 3.341730607 -0.250757096 -2.687516784 0.722752273 3.465843459 0.19399793 0.892849694
